Name: RunLeft
Type: SpriteSheet
Loop: true
ImageHandle: 14342131338643322013
SheetWidth: 48
SheetHeight: 48
Frames:
  - Index: 0
    Duration: 0.0799999982
  - Index: 1
    Duration: 0.0799999982
  - Index: 2
    Duration: 0.0799999982