Name: RunRight
Type: SpriteSheet
Loop: true
ImageHandle: 5620785090944541535
SheetWidth: 48
SheetHeight: 48
Frames:
  - Index: 0
    Duration: 0.0799999982
  - Index: 1
    Duration: 0.0799999982
  - Index: 2
    Duration: 0.0799999982