Name: JumpLeft
Type: SpriteSheet
Loop: false
ImageHandle: 14342131338643322013
SheetWidth: 48
SheetHeight: 48
Frames:
  - Index: 0
    Duration: 0.150000006
  - Index: 0
    Duration: 0.150000006
  - Index: 0
    Duration: 0.150000006